,toxicity,severe_toxicity,obscene,threat,insult,identity_attack
StackOverflow_0,0.00108,0.00011,0.00022,0.00011,0.00018,0.00014
StackOverflow_1,0.00119,0.0001,0.00022,0.00011,0.00018,0.00014
StackOverflow_2,0.00083,0.00011,0.00019,0.00012,0.00018,0.00014
StackOverflow_3,0.00079,0.00011,0.00019,0.00012,0.00018,0.00013
StackOverflow_4,0.0051,0.0001,0.00049,0.00015,0.00033,0.00017
StackOverflow_5,0.00067,0.00012,0.00018,0.00012,0.00017,0.00014
StackOverflow_6,0.00075,0.00011,0.00018,0.00012,0.00018,0.00013
StackOverflow_7,0.00105,0.0001,0.0002,0.00011,0.00018,0.00013
StackOverflow_8,0.0007,0.00011,0.00018,0.00012,0.00017,0.00014
StackOverflow_9,0.00893,0.00013,0.00103,0.00021,0.00044,0.00021
,Source,toxicity,severe_toxicity,obscene,threat,insult,identity_attack
0,StackOverflow_0,0.00108,0.00011,0.00022,0.00011,0.00018,0.00014
1,StackOverflow_1,0.00119,0.0001,0.00022,0.00011,0.00018,0.00014
0,StackOverflow_2,0.00083,0.00011,0.00019,0.00012,0.00018,0.00014
1,StackOverflow_3,0.00079,0.00011,0.00019,0.00012,0.00018,0.00013
0,StackOverflow_4,0.0051,0.0001,0.00049,0.00015,0.00033,0.00017
1,StackOverflow_5,0.00067,0.00012,0.00018,0.00012,0.00017,0.00014
0,StackOverflow_6,0.00075,0.00011,0.00018,0.00012,0.00018,0.00013
1,StackOverflow_7,0.00105,0.0001,0.0002,0.00011,0.00018,0.00013
0,StackOverflow_8,0.0007,0.00011,0.00018,0.00012,0.00017,0.00014
1,StackOverflow_9,0.00893,0.00013,0.00103,0.00021,0.00044,0.00021
Source,toxicity,severe_toxicity,obscene,threat,insult,identity_attack
StackOverflow_0,0.00108,0.00011,0.00022,0.00011,0.00018,0.00014
StackOverflow_1,0.00119,0.0001,0.00022,0.00011,0.00018,0.00014
StackOverflow_2,0.00083,0.00011,0.00019,0.00012,0.00018,0.00014
StackOverflow_3,0.00079,0.00011,0.00019,0.00012,0.00018,0.00013
StackOverflow_4,0.0051,0.0001,0.00049,0.00015,0.00033,0.00017
StackOverflow_5,0.00067,0.00012,0.00018,0.00012,0.00017,0.00014
StackOverflow_6,0.00075,0.00011,0.00018,0.00012,0.00018,0.00013
StackOverflow_7,0.00105,0.0001,0.0002,0.00011,0.00018,0.00013
StackOverflow_8,0.0007,0.00011,0.00018,0.00012,0.00017,0.00014
StackOverflow_9,0.00893,0.00013,0.00103,0.00021,0.00044,0.00021
